% Estevan Anguiano
% L01 Q09
R1 = 100;
R2 = 150;
R3 = 200;

Rt = 1 / ((1/R1) + (1/R2) + (1/R3));
Rt